name: test
channels:
- conda-forge
- anaconda
- defaults
dependencies:
- bokeh=0.12.14=py36_0
- ca-certificates=2017.08.26=h94faf87_0
- click=6.7=py36hec8c647_0
- cloudpickle=0.5.2=py36_1
- cycler=0.10.0=py36h009560c_0
- dask=0.17.1=py36_0
- dask-core=0.17.1=py36_0
- decorator=4.2.1=py36_0
- distributed=1.21.2=py36_0
- freetype=2.8=vc14h17c9bdf_0
- heapdict=1.0.0=py36_2
- icu=57.1=vc14_0
- imageio=2.2.0=py36had6c2d2_0
- jinja2=2.10=py36h292fed1_0
- jpeg=9b=vc14h4d7706e_1
- libpng=1.6.32=vc14h5163883_3
- libtiff=4.0.8=vc14h04e2a1e_10
- locket=0.2.0=py36hfed976d_1
- markupsafe=1.0=py36h0e26971_1
- matplotlib=2.1.2=py36h016c42a_0
- msgpack-python=0.5.5=py36he980bc4_0
- networkx=2.1=py36_0
- olefile=0.45.1=py36_0
- openssl=1.0.2l=vc14hf4c37d5_5
- packaging=17.1=py36_0
- pandas=0.22.0=py36h6538335_0
- partd=0.3.8=py36hc8e763b_0
- pillow=4.2.1=py36hdb25ab2_0
- psutil=5.4.3=py36hfa6e2cd_0
- pyparsing=2.2.0=py36h785a196_1
- pyqt=5.6.0=py36hb5ed885_5
- python-dateutil=2.6.1=py36h509ddcb_1
- pywavelets=0.5.2=py36hc649158_0
- pyyaml=3.12=py36_0
- qt=5.6.2=vc14_6
- scikit-image=0.13.1=py36hfa6e2cd_1
- sip=4.18.1=py36h9c25514_2
- six=1.11.0=py36h4db2310_1
- sortedcontainers=1.5.9=py36_0
- tblib=1.3.2=py36h30f5020_0
- toolz=0.9.0=py36_0
- tornado=5.0=py36_0
- zict=0.1.3=py36h2d8e73e_0
- zlib=1.2.11=vc14h1cdd9ab_1
- absl-py=0.1.10=py_0
- ffmpeg=3.4.1=2
- hdf5=1.10.1=vc14_2
- libprotobuf=3.5.2=vc14_0
- prettytable=0.7.2=py36_1
- protobuf=3.5.2=py36_vc14_0
- sk-video=1.1.10=py_1
- tensorboard=1.5.1=py36_1
- tensorflow=1.5.0=py36_0
- backports=1.0=py36h81696a8_1
- backports.weakref=1.0rc1=py36_0
- bleach=1.5.0=py36_0
- certifi=2018.1.18=py36_0
- cudatoolkit=8.0=3
- cudnn=6.0=0
- django=2.0.2=py36hd476221_0
- h5py=2.7.1=py36he54a1c3_0
- html5lib=0.9999999=py36_0
- icc_rt=2017.0.4=h97af966_0
- intel-openmp=2018.0.0=hd92c6cd_8
- keras=2.1.4=py36_0
- markdown=2.6.11=py36_0
- mkl=2018.0.1=h2108138_4
- numpy=1.12.1=py36hf30b8aa_1
- pip=9.0.1=py36_5
- python=3.6.4=h6538335_1
- pytz=2018.3=py36_0
- scipy=1.0.0=py36h1260518_0
- setuptools=38.5.1=py36_0
- tensorflow-gpu=1.1.0=np112py36_0
- vc=14=h0510ff6_3
- vs2015_runtime=14.0.25420=0
- werkzeug=0.14.1=py36_0
- wheel=0.30.0=py36h6c3ec14_1
- wincertstore=0.2=py36h7fe50ca_0
- pip:
  - tensorflow-tensorboard==1.5.1
prefix: C:\Users\niick\Anaconda3\envs\test
